machine,Kernel                      ,Kernel                      ,Basic_DAXPY                 ,Basic_DAXPY_ATOMIC          ,Basic_IF_QUAD               ,Basic_INDEXLIST             ,Basic_INDEXLIST_3LOOP       ,Basic_INIT3                 ,Basic_INIT_VIEW1D           ,Basic_INIT_VIEW1D_OFFSET    ,Basic_MAT_MAT_SHARED        ,Basic_MULADDSUB             ,Basic_NESTED_INIT           ,Basic_PI_ATOMIC             ,Basic_PI_REDUCE             ,Basic_REDUCE3_INT           ,Basic_REDUCE_STRUCT         ,Basic_TRAP_INT              ,Lcals_DIFF_PREDICT          ,Lcals_EOS                   ,Lcals_FIRST_DIFF            ,Lcals_FIRST_MIN             ,Lcals_FIRST_SUM             ,Lcals_GEN_LIN_RECUR         ,Lcals_HYDRO_1D              ,Lcals_HYDRO_2D              ,Lcals_INT_PREDICT           ,Lcals_PLANCKIAN             ,Lcals_TRIDIAG_ELIM          ,Polybench_2MM               ,Polybench_3MM               ,Polybench_ADI               ,Polybench_ATAX              ,Polybench_FDTD_2D           ,Polybench_FLOYD_WARSHALL    ,Polybench_GEMM              ,Polybench_GEMVER            ,Polybench_GESUMMV           ,Polybench_HEAT_3D           ,Polybench_JACOBI_1D         ,Polybench_JACOBI_2D         ,Polybench_MVT               ,Stream_ADD                  ,Stream_COPY                 ,Stream_DOT                  ,Stream_MUL                  ,Stream_TRIAD                ,Apps_CONVECTION3DPA         ,Apps_DEL_DOT_VEC_2D         ,Apps_DIFFUSION3DPA          ,Apps_ENERGY                 ,Apps_FIR                    ,Apps_HALOEXCHANGE           ,Apps_HALOEXCHANGE_FUSED     ,Apps_LTIMES                 ,Apps_LTIMES_NOVIEW          ,Apps_MASS3DPA               ,Apps_NODAL_ACCUMULATION_3D  ,Apps_PRESSURE               ,Apps_VOL3D                  ,Algorithm_SCAN              ,Algorithm_SORT              ,Algorithm_SORTPAIRS         ,Algorithm_REDUCE_SUM        ,Algorithm_MEMSET            ,Algorithm_MEMCPY            
pascal, Base_CUDA , block_256 ,  0.022184 ,  0.023558 ,  0.015895 ,  0.003997 ,  0.008795 ,  0.037753 ,  0.036117 ,  0.036127 ,  0.011227 ,  0.026434 ,  0.016463 ,  0.128586 ,  0.002728 ,  0.002639 ,  0.008429 ,  0.002913 ,  0.076519 ,  0.032293 ,  0.061632 ,  0.007276 ,  0.061709 ,  0.071746 ,  0.044457 ,  0.032990 ,  0.064253 ,  0.003740 ,  0.058944 ,  0.039255 ,  0.057832 ,  0.063222 ,  0.039580 ,  0.049528 ,  0.353275 ,  0.033604 ,  0.008754 ,  0.075023 ,  0.032151 ,  0.099167 ,  0.136118 ,  0.028599 ,  0.044484 ,  0.055208 ,  0.098526 ,  0.055170 ,  0.044329 ,   Not run ,  0.010336 ,   Not run ,  0.051649 ,  0.011245 ,  0.010973 ,   Not run ,  0.024486 ,  0.024489 ,   Not run ,  0.024173 ,  0.062858 ,  0.011491 ,   Not run ,   Not run ,   Not run ,  0.002682 ,  0.001462 ,  0.003080 
pascal, Base_CUDA , block_256 ,  0.022184 ,  0.023546 ,  0.015906 ,  0.004016 ,  0.008799 ,  0.037748 ,  0.036115 ,  0.036115 ,  0.011222 ,  0.026430 ,  0.016217 ,  0.128270 ,  0.002714 ,  0.002624 ,  0.008422 ,  0.002900 ,  0.077700 ,  0.032501 ,  0.061669 ,  0.006915 ,  0.061738 ,  0.071748 ,  0.044454 ,  0.032996 ,  0.063979 ,  0.003754 ,  0.059178 ,  0.036654 ,  0.057734 ,  0.065585 ,  0.039630 ,  0.049640 ,  0.352743 ,  0.037410 ,  0.009166 ,  0.078775 ,  0.032317 ,  0.099230 ,  0.134122 ,  0.028542 ,  0.044494 ,  0.055180 ,  0.106173 ,  0.055231 ,  0.044324 ,   Not run ,  0.010342 ,   Not run ,  0.051801 ,  0.010565 ,  0.010189 ,   Not run ,  0.021986 ,  0.024398 ,   Not run ,  0.025898 ,  0.062720 ,  0.011494 ,   Not run ,   Not run ,   Not run ,  0.002433 ,  0.001446 ,  0.003084 
pascal, Base_CUDA , block_256 ,  0.022190 ,  0.023538 ,  0.015905 ,  0.004010 ,  0.008797 ,  0.037765 ,  0.036108 ,  0.036121 ,  0.011137 ,  0.026449 ,  0.016157 ,  0.125805 ,  0.002734 ,  0.002613 ,  0.008382 ,  0.002906 ,  0.076520 ,  0.032318 ,  0.061655 ,  0.006882 ,  0.061713 ,  0.071750 ,  0.044464 ,  0.033000 ,  0.064273 ,  0.003754 ,  0.058974 ,  0.036653 ,  0.057473 ,  0.064128 ,  0.039598 ,  0.049545 ,  0.352861 ,  0.037252 ,  0.008839 ,  0.075806 ,  0.032200 ,  0.099140 ,  0.134084 ,  0.028536 ,  0.044490 ,  0.055200 ,  0.106805 ,  0.055196 ,  0.044340 ,   Not run ,  0.010345 ,   Not run ,  0.051787 ,  0.010562 ,  0.010208 ,   Not run ,  0.022056 ,  0.022018 ,   Not run ,  0.024187 ,  0.062714 ,  0.011495 ,   Not run ,   Not run ,   Not run ,  0.002450 ,  0.001447 ,  0.003082 
lassen, Base_CUDA , block_256 ,  0.015287 ,  0.015346 ,  0.011719 ,  0.003442 ,  0.006595 ,  0.026110 ,  0.026612 ,  0.026572 ,  0.007063 ,  0.018371 ,  0.013165 ,  0.120660 ,  0.001581 ,  0.001431 ,  0.007357 ,  0.001664 ,  0.058231 ,  0.020606 ,  0.043650 ,  0.003387 ,  0.043685 ,  0.048075 ,  0.030582 ,  0.020827 ,  0.043913 ,  0.002601 ,  0.040500 ,  0.011610 ,  0.016470 ,  0.039606 ,  0.042111 ,  0.033082 ,  0.261416 ,  0.007062 ,  0.006880 ,  0.031617 ,  0.018578 ,  0.070216 ,  0.092913 ,  0.026807 ,  0.030319 ,  0.038760 ,  0.071865 ,  0.039132 ,  0.030418 ,   Not run ,  0.006431 ,   Not run ,  0.035841 ,  0.003705 ,  0.018970 ,   Not run ,  0.013324 ,  0.013345 ,   Not run ,  0.007334 ,  0.043586 ,  0.005230 ,   Not run ,   Not run ,   Not run ,  0.001558 ,  0.001098 ,  0.002204 
lassen, Base_CUDA , block_256 ,  0.015243 ,  0.015304 ,  0.011736 ,  0.003377 ,  0.006597 ,  0.026193 ,  0.026574 ,  0.026581 ,  0.007051 ,  0.018253 ,  0.013280 ,  0.120701 ,  0.001584 ,  0.001389 ,  0.007110 ,  0.001671 ,  0.058691 ,  0.020618 ,  0.043629 ,  0.003386 ,  0.043678 ,  0.048155 ,  0.030438 ,  0.020873 ,  0.043916 ,  0.002592 ,  0.040499 ,  0.011582 ,  0.016429 ,  0.039551 ,  0.042282 ,  0.033145 ,  0.261549 ,  0.007033 ,  0.006901 ,  0.031517 ,  0.018581 ,  0.070100 ,  0.092624 ,  0.026857 ,  0.030441 ,  0.038624 ,  0.071370 ,  0.038997 ,  0.030546 ,   Not run ,  0.006392 ,   Not run ,  0.035898 ,  0.003703 ,  0.016267 ,   Not run ,  0.013319 ,  0.013333 ,   Not run ,  0.007379 ,  0.043640 ,  0.005205 ,   Not run ,   Not run ,   Not run ,  0.001545 ,  0.001099 ,  0.002203 
lassen, Base_CUDA , block_256 ,  0.015218 ,  0.015315 ,  0.011659 ,  0.003477 ,  0.006564 ,  0.026079 ,  0.026588 ,  0.026591 ,  0.007072 ,  0.018216 ,  0.013162 ,  0.120668 ,  0.001567 ,  0.001412 ,  0.007173 ,  0.001711 ,  0.058043 ,  0.020528 ,  0.043689 ,  0.003425 ,  0.043799 ,  0.047850 ,  0.030668 ,  0.020777 ,  0.044410 ,  0.002597 ,  0.040881 ,  0.011586 ,  0.016452 ,  0.039483 ,  0.042204 ,  0.033058 ,  0.261465 ,  0.007050 ,  0.006880 ,  0.031533 ,  0.018569 ,  0.070149 ,  0.092820 ,  0.029163 ,  0.030450 ,  0.039133 ,  0.073028 ,  0.039123 ,  0.030476 ,   Not run ,  0.006485 ,   Not run ,  0.035871 ,  0.003695 ,  0.017391 ,   Not run ,  0.013349 ,  0.013321 ,   Not run ,  0.007320 ,  0.043562 ,  0.005094 ,   Not run ,   Not run ,   Not run ,  0.001551 ,  0.001142 ,  0.002205 
corona, Base_HIP  , block_256 ,  0.016496 ,  0.020023 ,  0.014491 ,  0.006630 ,  0.007893 ,  0.030137 ,  0.033376 ,  0.033490 ,  0.014553 ,  0.023497 ,  0.017878 , 304.516980 ,  0.088360 ,  0.001962 ,  0.058383 ,  0.087433 ,  0.046826 ,  0.024969 ,  0.043757 ,  0.005004 ,  0.044194 ,  0.057984 ,  0.033965 ,  0.030159 ,  0.049572 ,  0.005680 ,  0.044863 ,  0.030046 ,  0.041743 ,  0.048706 ,  0.059561 ,  0.038943 ,  0.253662 ,  0.028675 ,  0.013933 ,  0.054430 ,  0.028158 ,  0.068331 ,  0.102136 ,  0.059046 ,  0.034149 ,  0.039293 ,  3.240190 ,  0.039418 ,  0.033662 ,   Not run ,  0.010349 ,   Not run ,  0.043120 ,  0.012637 ,  0.012529 ,   Not run ,  0.026264 ,  0.026200 ,   Not run ,  0.027909 ,  0.048896 ,  0.013578 ,   Not run ,   Not run ,   Not run ,  0.085443 ,  0.002480 ,  0.004178 
corona, Base_HIP  , block_256 ,  0.016536 ,  0.019826 ,  0.014379 ,  0.006578 ,  0.007942 ,  0.030216 ,  0.033480 ,  0.033500 ,  0.014726 ,  0.023470 ,  0.017753 , 297.079084 ,  0.088878 ,  0.002137 ,  0.058156 ,  0.087567 ,  0.046570 ,  0.024959 ,  0.043213 ,  0.005196 ,  0.043369 ,  0.057602 ,  0.034201 ,  0.030254 ,  0.049940 ,  0.005715 ,  0.045954 ,  0.029841 ,  0.041956 ,  0.049213 ,  0.059992 ,  0.039063 ,  0.253044 ,  0.028490 ,  0.013935 ,  0.054048 ,  0.028102 ,  0.067446 ,  0.102136 ,  0.059628 ,  0.033586 ,  0.039356 ,  3.230981 ,  0.039144 ,  0.033767 ,   Not run ,  0.010334 ,   Not run ,  0.043274 ,  0.012648 ,  0.012724 ,   Not run ,  0.028567 ,  0.027725 ,   Not run ,  0.028789 ,  0.049492 ,  0.013845 ,   Not run ,   Not run ,   Not run ,  0.085222 ,  0.003099 ,  0.003091 
corona, Base_HIP  , block_256 ,  0.016904 ,  0.019782 ,  0.044710 ,  0.006535 ,  0.008068 ,  0.030526 ,  0.033248 ,  0.033320 ,  0.014735 ,  0.023579 ,  0.018094 , 295.866805 ,  0.088535 ,  0.002269 ,  0.058208 ,  0.088538 ,  0.046585 ,  0.024939 ,  0.043566 ,  0.004942 ,  0.043605 ,  0.057911 ,  0.034201 ,  0.029689 ,  0.048462 ,  0.004559 ,  0.045016 ,  0.029817 ,  0.041655 ,  0.048400 ,  0.059689 ,  0.039101 ,  0.253296 ,  0.028155 ,  0.013779 ,  0.053818 ,  0.028155 ,  0.067877 ,  0.102035 ,  0.059675 ,  0.033636 ,  0.039039 ,  3.221558 ,  0.039552 ,  0.033820 ,   Not run ,  0.010468 ,   Not run ,  0.044933 ,  0.012882 ,  0.012490 ,   Not run ,  0.026104 ,  0.025986 ,   Not run ,  0.027854 ,  0.049594 ,  0.013402 ,   Not run ,   Not run ,   Not run ,  0.084661 ,  0.003271 ,  0.003084 
tioga, Base_HIP  , block_256 ,  0.009919 ,  0.011466 ,  0.008439 ,  0.003741 ,  0.004842 ,  0.017041 ,  0.017089 ,  0.017007 ,  0.008200 ,  0.012690 ,  0.007903 , 345.773600 ,  0.062692 ,  0.001337 ,  0.050916 ,  0.062059 ,  0.026789 ,  0.014741 ,  0.027100 ,  0.003399 ,  0.027115 ,  0.032710 ,  0.020840 ,  0.019631 ,  0.034035 ,  0.002764 ,  0.027763 ,  0.017508 ,  0.025233 ,  0.061368 ,  0.065602 ,  0.025028 ,  0.165181 ,  0.017092 ,  0.013962 ,  0.071910 ,  0.017413 ,  0.044727 ,  0.062827 ,  0.065112 ,  0.020447 ,  0.024399 ,  2.434025 ,  0.024420 ,  0.020449 ,   Not run ,  0.006688 ,   Not run ,  0.025818 ,  0.005515 ,  0.013167 ,   Not run ,  0.014687 ,  0.014611 ,   Not run ,  0.011457 ,  0.029613 ,  0.006786 ,   Not run ,   Not run ,   Not run ,  0.060448 ,  0.001113 ,  0.001808 
tioga, Base_HIP  , block_256 ,  0.009962 ,  0.011517 ,  0.008434 ,  0.003137 ,  0.004784 ,  0.017005 ,  0.017160 ,  0.017096 ,  0.008172 ,  0.012820 ,  0.007906 , 339.761802 ,  0.062419 ,  0.001338 ,  0.050806 ,  0.062363 ,  0.026785 ,  0.014709 ,  0.027138 ,  0.003434 ,  0.027143 ,  0.033118 ,  0.020820 ,  0.019682 ,  0.033646 ,  0.002652 ,  0.027802 ,  0.017433 ,  0.025265 ,  0.061598 ,  0.065596 ,  0.024926 ,  0.165316 ,  0.016976 ,  0.014020 ,  0.071736 ,  0.017543 ,  0.044728 ,  0.062913 ,  0.065027 ,  0.020529 ,  0.024316 ,  2.427571 ,  0.024161 ,  0.020817 ,   Not run ,  0.006565 ,   Not run ,  0.025827 ,  0.005541 ,  0.012948 ,   Not run ,  0.014628 ,  0.014659 ,   Not run ,  0.011780 ,  0.029518 ,  0.006926 ,   Not run ,   Not run ,   Not run ,  0.060246 ,  0.001761 ,  0.001816 
tioga, Base_HIP  , block_256 ,  0.009943 ,  0.011287 ,  0.008197 ,  0.003155 ,  0.004768 ,  0.016903 ,  0.017004 ,  0.016927 ,  0.008170 ,  0.012620 ,  0.007663 , 331.731035 ,  0.061737 ,  0.001342 ,  0.050907 ,  0.062346 ,  0.026739 ,  0.014658 ,  0.027046 ,  0.003539 ,  0.026993 ,  0.032765 ,  0.020826 ,  0.019462 ,  0.034130 ,  0.002507 ,  0.027942 ,  0.017375 ,  0.025173 ,  0.060546 ,  0.065667 ,  0.024803 ,  0.165347 ,  0.016990 ,  0.014067 ,  0.071780 ,  0.017574 ,  0.044657 ,  0.062663 ,  0.065002 ,  0.020457 ,  0.024423 ,  2.428545 ,  0.024177 ,  0.020562 ,   Not run ,  0.006599 ,   Not run ,  0.025761 ,  0.005513 ,  0.013555 ,   Not run ,  0.014629 ,  0.014539 ,   Not run ,  0.011454 ,  0.029510 ,  0.006633 ,   Not run ,   Not run ,   Not run ,  0.060931 ,  0.001143 ,  0.001766 
ec2-p3, Base_CUDA , block_256 ,  0.014945 ,  0.015044 ,  0.011429 ,  0.002605 ,  0.006113 ,  0.025531 ,  0.024691 ,  0.024692 ,  0.006026 ,  0.017874 ,  0.012417 ,  0.104364 ,  0.001045 ,  0.001131 ,  0.007169 ,  0.001066 ,  0.055870 ,  0.020363 ,  0.042133 ,  0.004478 ,  0.042164 ,  0.046993 ,  0.029873 ,  0.020597 ,  0.043761 ,  0.002496 ,  0.040464 ,  0.006468 ,  0.009294 ,  0.035127 ,  0.028490 ,  0.032339 ,  0.254075 ,  0.006206 ,  0.006298 ,  0.029092 ,  0.017995 ,  0.067603 ,  0.090029 ,  0.026651 ,  0.029867 ,  0.037619 ,  0.056196 ,  0.037680 ,  0.029929 ,   Not run ,  0.006353 ,   Not run ,  0.035395 ,  0.003540 ,  0.009220 ,   Not run ,  0.011396 ,  0.011368 ,   Not run ,  0.006726 ,  0.042853 ,  0.004987 ,   Not run ,   Not run ,   Not run ,  0.001016 ,  0.001004 ,  0.002108 
ec2-p3, Base_CUDA , block_256 ,  0.014958 ,  0.015057 ,  0.011439 ,  0.002622 ,  0.006110 ,  0.025525 ,  0.024680 ,  0.024684 ,  0.006003 ,  0.017884 ,  0.012462 ,  0.104149 ,  0.001054 ,  0.001162 ,  0.007138 ,  0.001151 ,  0.055843 ,  0.020357 ,  0.042094 ,  0.004056 ,  0.042109 ,  0.046982 ,  0.029841 ,  0.020599 ,  0.043755 ,  0.002495 ,  0.040485 ,  0.006437 ,  0.009194 ,  0.035216 ,  0.028460 ,  0.032388 ,  0.254786 ,  0.006227 ,  0.006294 ,  0.029138 ,  0.017988 ,  0.067666 ,  0.090197 ,  0.026689 ,  0.029890 ,  0.037697 ,  0.054441 ,  0.037683 ,  0.029951 ,   Not run ,  0.006351 ,   Not run ,  0.035424 ,  0.003539 ,  0.009583 ,   Not run ,  0.011362 ,  0.011367 ,   Not run ,  0.006729 ,  0.042925 ,  0.004985 ,   Not run ,   Not run ,   Not run ,  0.001066 ,  0.001005 ,  0.002117 
ec2-p3, Base_CUDA , block_256 ,  0.014939 ,  0.015041 ,  0.011431 ,  0.002547 ,  0.006088 ,  0.025516 ,  0.024635 ,  0.024643 ,  0.006010 ,  0.017864 ,  0.012398 ,  0.104138 ,  0.001038 ,  0.001116 ,  0.007043 ,  0.001116 ,  0.055833 ,  0.020366 ,  0.042085 ,  0.003771 ,  0.042111 ,  0.047002 ,  0.029847 ,  0.020582 ,  0.043760 ,  0.002501 ,  0.040483 ,  0.006445 ,  0.009249 ,  0.034777 ,  0.028465 ,  0.032338 ,  0.253991 ,  0.006229 ,  0.006288 ,  0.029134 ,  0.017969 ,  0.067558 ,  0.090077 ,  0.026679 ,  0.029904 ,  0.037589 ,  0.054890 ,  0.037680 ,  0.029938 ,   Not run ,  0.006351 ,   Not run ,  0.035396 ,  0.003540 ,  0.009545 ,   Not run ,  0.011388 ,  0.011354 ,   Not run ,  0.006731 ,  0.042864 ,  0.004989 ,   Not run ,   Not run ,   Not run ,  0.001065 ,  0.001008 ,  0.002112 
ec2-p4d, Base_CUDA , block_256 ,  0.007371 ,  0.003284 ,  0.005729 ,  0.001780 ,  0.003878 ,  0.016355 ,  0.010789 ,  0.010772 ,  0.004769 ,  0.011461 ,  0.004836 ,  0.111739 ,  0.001088 ,  0.001154 ,  0.024815 ,  0.001099 ,  0.056577 ,  0.012846 ,  0.023494 ,  0.003505 ,  0.023549 ,  0.022250 ,  0.019799 ,  0.012682 ,  0.025826 ,  0.001568 ,  0.025583 ,  0.004867 ,  0.006865 ,  0.033827 ,  0.014565 ,  0.021639 ,  0.142205 ,  0.004623 ,  0.004035 ,  0.034272 ,  0.009590 ,  0.023595 ,  0.044045 ,  0.013593 ,  0.019708 ,  0.020249 ,  0.044613 ,  0.019869 ,  0.019676 ,   Not run ,  0.003899 ,   Not run ,  0.021482 ,  0.002132 ,  0.010495 ,   Not run ,  0.009267 ,  0.009266 ,   Not run ,  0.004810 ,  0.026806 ,  0.003020 ,   Not run ,   Not run ,   Not run ,  0.001093 ,  0.000445 ,  0.001138 
ec2-p4d, Base_CUDA , block_256 ,  0.007199 ,  0.003268 ,  0.005716 ,  0.001761 ,  0.003388 ,  0.016373 ,  0.010863 ,  0.010854 ,  0.004761 ,  0.011435 ,  0.004868 ,  0.111710 ,  0.001057 ,  0.001091 ,  0.012431 ,  0.001054 ,  0.056567 ,  0.012833 ,  0.023083 ,  0.003423 ,  0.023080 ,  0.022216 ,  0.019787 ,  0.012663 ,  0.025840 ,  0.001571 ,  0.025590 ,  0.004873 ,  0.006878 ,  0.034125 ,  0.014682 ,  0.021655 ,  0.139861 ,  0.004624 ,  0.003957 ,  0.034457 ,  0.009503 ,  0.023777 ,  0.043628 ,  0.013584 ,  0.019652 ,  0.019539 ,  0.046082 ,  0.018948 ,  0.019671 ,   Not run ,  0.003908 ,   Not run ,  0.021480 ,  0.002129 ,  0.012952 ,   Not run ,  0.009270 ,  0.009265 ,   Not run ,  0.004813 ,  0.026806 ,  0.003027 ,   Not run ,   Not run ,   Not run ,  0.001155 ,  0.000451 ,  0.001097 
ec2-p4d, Base_CUDA , block_256 ,  0.007162 ,  0.003257 ,  0.005728 ,  0.001758 ,  0.003427 ,  0.016363 ,  0.010863 ,  0.010823 ,  0.004760 ,  0.011457 ,  0.004840 ,  0.111705 ,  0.001067 ,  0.001095 ,  0.011885 ,  0.001060 ,  0.056525 ,  0.012840 ,  0.023080 ,  0.003423 ,  0.023043 ,  0.022193 ,  0.019795 ,  0.012667 ,  0.025827 ,  0.001567 ,  0.025572 ,  0.004850 ,  0.006871 ,  0.033134 ,  0.014681 ,  0.021647 ,  0.139129 ,  0.004627 ,  0.003960 ,  0.034463 ,  0.009529 ,  0.023602 ,  0.043563 ,  0.013580 ,  0.019651 ,  0.019455 ,  0.045060 ,  0.018952 ,  0.019666 ,   Not run ,  0.003894 ,   Not run ,  0.021459 ,  0.002121 ,  0.011458 ,   Not run ,  0.009267 ,  0.009264 ,   Not run ,  0.004799 ,  0.026795 ,  0.002996 ,   Not run ,   Not run ,   Not run ,  0.001074 ,  0.000445 ,  0.001081 
AVERAGE
pascal,,,0.022186,0.023547,0.015902,0.004008,0.008797,0.037755,0.036113,0.036121,0.011195,0.026438,0.016279,0.127554,0.002725,0.002625,0.008411,0.002906,0.076913,0.032371,0.061652,0.007024,0.061720,0.071748,0.044458,0.032995,0.064168,0.003749,0.059032,0.037521,0.057680,0.064312,0.039603,0.049571,0.352960,0.036089,0.008920,0.076535,0.032223,0.099179,0.134775,0.028559,0.044489,0.055196,0.103835,0.055199,0.044331,,0.010341,,0.051746,0.010791,0.010457,,0.022843,0.023635,,0.024753,0.062764,0.011493,,,,0.002522,0.001452,0.003082
lassen,,,0.015249,0.015322,0.011705,0.003432,0.006585,0.026127,0.026591,0.026581,0.007062,0.018280,0.013202,0.120676,0.001577,0.001411,0.007213,0.001682,0.058322,0.020584,0.043656,0.003399,0.043721,0.048027,0.030563,0.020826,0.044080,0.002597,0.040627,0.011593,0.016450,0.039547,0.042199,0.033095,0.261477,0.007048,0.006887,0.031556,0.018576,0.070155,0.092786,0.027609,0.030403,0.038839,0.072088,0.039084,0.030480,,0.006436,,0.035870,0.003701,0.017543,,0.013331,0.013333,,0.007344,0.043596,0.005176,,,,0.001551,0.001113,0.002204
corona,,,0.016645,0.019877,0.024527,0.006581,0.007968,0.030293,0.033368,0.033437,0.014671,0.023515,0.017908,299.154290,0.088591,0.002123,0.058249,0.087846,0.046660,0.024956,0.043512,0.005047,0.043723,0.057832,0.034122,0.030034,0.049325,0.005318,0.045278,0.029901,0.041785,0.048773,0.059747,0.039036,0.253334,0.028440,0.013882,0.054099,0.028138,0.067885,0.102102,0.059450,0.033790,0.039229,3.230910,0.039371,0.033750,,0.010384,,0.043776,0.012722,0.012581,,0.026978,0.026637,,0.028184,0.049327,0.013608,,,,0.085109,0.002950,0.003451
tioga,,,0.009941,0.011423,0.008357,0.003344,0.004798,0.016983,0.017084,0.017010,0.008181,0.012710,0.007824,339.088812,0.062283,0.001339,0.050876,0.062256,0.026771,0.014703,0.027095,0.003457,0.027084,0.032864,0.020829,0.019592,0.033937,0.002641,0.027836,0.017439,0.025224,0.061171,0.065622,0.024919,0.165281,0.017019,0.014016,0.071809,0.017510,0.044704,0.062801,0.065047,0.020478,0.024379,2.430047,0.024253,0.020609,,0.006617,,0.025802,0.005523,0.013223,,0.014648,0.014603,,0.011564,0.029547,0.006782,,,,0.060542,0.001339,0.001797
ec2-p3,,,0.014947,0.015047,0.011433,0.002591,0.006104,0.025524,0.024669,0.024673,0.006013,0.017874,0.012426,0.104217,0.001046,0.001136,0.007117,0.001111,0.055849,0.020362,0.042104,0.004102,0.042128,0.046992,0.029854,0.020593,0.043759,0.002497,0.040477,0.006450,0.009246,0.035040,0.028472,0.032355,0.254284,0.006221,0.006293,0.029121,0.017984,0.067609,0.090101,0.026673,0.029887,0.037635,0.055176,0.037681,0.029939,,0.006352,,0.035405,0.003540,0.009449,,0.011382,0.011363,,0.006729,0.042881,0.004987,,,,0.001049,0.001006,0.002112
ec2-p4d,,,0.007244,0.003270,0.005724,0.001766,0.003564,0.016364,0.010838,0.010816,0.004763,0.011451,0.004848,0.111718,0.001071,0.001113,0.016377,0.001071,0.056556,0.012840,0.023219,0.003450,0.023224,0.022220,0.019794,0.012671,0.025831,0.001569,0.025582,0.004863,0.006871,0.033695,0.014643,0.021647,0.140398,0.004625,0.003984,0.034397,0.009541,0.023658,0.043745,0.013586,0.019670,0.019748,0.045252,0.019256,0.019671,,0.003900,,0.021474,0.002127,0.011635,,0.009268,0.009265,,0.004807,0.026802,0.003014,,,,0.001107,0.000447,0.001105
