machine,Kernel                      ,Kernel                      ,Basic_DAXPY                 ,Basic_DAXPY_ATOMIC          ,Basic_IF_QUAD               ,Basic_INDEXLIST             ,Basic_INDEXLIST_3LOOP       ,Basic_INIT3                 ,Basic_INIT_VIEW1D           ,Basic_INIT_VIEW1D_OFFSET    ,Basic_MAT_MAT_SHARED        ,Basic_MULADDSUB             ,Basic_NESTED_INIT           ,Basic_PI_ATOMIC             ,Basic_PI_REDUCE             ,Basic_REDUCE3_INT           ,Basic_REDUCE_STRUCT         ,Basic_TRAP_INT              ,Lcals_DIFF_PREDICT          ,Lcals_EOS                   ,Lcals_FIRST_DIFF            ,Lcals_FIRST_MIN             ,Lcals_FIRST_SUM             ,Lcals_GEN_LIN_RECUR         ,Lcals_HYDRO_1D              ,Lcals_HYDRO_2D              ,Lcals_INT_PREDICT           ,Lcals_PLANCKIAN             ,Lcals_TRIDIAG_ELIM          ,Polybench_2MM               ,Polybench_3MM               ,Polybench_ADI               ,Polybench_ATAX              ,Polybench_FDTD_2D           ,Polybench_FLOYD_WARSHALL    ,Polybench_GEMM              ,Polybench_GEMVER            ,Polybench_GESUMMV           ,Polybench_HEAT_3D           ,Polybench_JACOBI_1D         ,Polybench_JACOBI_2D         ,Polybench_MVT               ,Stream_ADD                  ,Stream_COPY                 ,Stream_DOT                  ,Stream_MUL                  ,Stream_TRIAD                ,Apps_CONVECTION3DPA         ,Apps_DEL_DOT_VEC_2D         ,Apps_DIFFUSION3DPA          ,Apps_ENERGY                 ,Apps_FIR                    ,Apps_HALOEXCHANGE           ,Apps_HALOEXCHANGE_FUSED     ,Apps_LTIMES                 ,Apps_LTIMES_NOVIEW          ,Apps_MASS3DPA               ,Apps_NODAL_ACCUMULATION_3D  ,Apps_PRESSURE               ,Apps_VOL3D                  ,Algorithm_SCAN              ,Algorithm_SORT              ,Algorithm_SORTPAIRS         ,Algorithm_REDUCE_SUM        ,Algorithm_MEMSET            ,Algorithm_MEMCPY            
pascal, Base_CUDA , block_256 ,  0.011421 ,  0.012194 ,  0.008284 ,  0.002572 ,  0.004903 ,  0.019568 ,  0.019359 ,  0.019379 ,  0.004014 ,  0.013706 ,  0.011114 ,  0.065295 ,  0.001706 ,  0.001571 ,  0.004598 ,  0.001740 ,  0.039805 ,  0.017144 ,  0.031892 ,  0.004157 ,  0.032016 ,  0.035484 ,  0.023095 ,  0.016752 ,  0.032575 ,  0.001941 ,  0.030515 ,  0.014778 ,  0.024848 ,  0.048966 ,  0.027435 ,  0.025740 ,  0.131081 ,  0.016678 ,  0.005999 ,  0.052022 ,  0.020824 ,  0.051779 ,  0.070009 ,  0.019740 ,  0.022859 ,  0.028536 ,  0.055932 ,  0.028509 ,  0.022860 ,   Not run ,  0.005463 ,   Not run ,  0.026540 ,  0.005875 ,  0.010026 ,   Not run ,  0.012405 ,  0.012401 ,   Not run ,  0.014390 ,  0.032340 ,  0.006120 ,   Not run ,   Not run ,   Not run ,  0.001414 ,  0.000781 ,  0.001597 
pascal, Base_CUDA , block_256 ,  0.011422 ,  0.012193 ,  0.008272 ,  0.002570 ,  0.004897 ,  0.019556 ,  0.019379 ,  0.019404 ,  0.004002 ,  0.013706 ,  0.010849 ,  0.064912 ,  0.001719 ,  0.001568 ,  0.004609 ,  0.001715 ,  0.039808 ,  0.017139 ,  0.031864 ,  0.004149 ,  0.031926 ,  0.035468 ,  0.023097 ,  0.016812 ,  0.032492 ,  0.001939 ,  0.030486 ,  0.015490 ,  0.024751 ,  0.048791 ,  0.027437 ,  0.025758 ,  0.131057 ,  0.016636 ,  0.006000 ,  0.052024 ,  0.020834 ,  0.051755 ,  0.069965 ,  0.019700 ,  0.022865 ,  0.028524 ,  0.061798 ,  0.028413 ,  0.022825 ,   Not run ,  0.005380 ,   Not run ,  0.026557 ,  0.005557 ,  0.009286 ,   Not run ,  0.011165 ,  0.011144 ,   Not run ,  0.013465 ,  0.032335 ,  0.006125 ,   Not run ,   Not run ,   Not run ,  0.001411 ,  0.000779 ,  0.001600 
pascal, Base_CUDA , block_256 ,  0.011415 ,  0.012182 ,  0.008290 ,  0.002596 ,  0.004900 ,  0.019559 ,  0.019345 ,  0.019344 ,  0.004026 ,  0.013703 ,  0.010935 ,  0.064742 ,  0.001730 ,  0.001582 ,  0.004547 ,  0.001751 ,  0.039724 ,  0.017148 ,  0.031859 ,  0.004170 ,  0.032008 ,  0.035586 ,  0.023129 ,  0.016853 ,  0.032466 ,  0.001947 ,  0.030495 ,  0.015808 ,  0.024679 ,  0.048634 ,  0.027452 ,  0.025759 ,  0.131132 ,  0.016633 ,  0.006001 ,  0.052027 ,  0.020840 ,  0.051788 ,  0.069997 ,  0.019699 ,  0.022880 ,  0.028566 ,  0.056687 ,  0.028435 ,  0.022840 ,   Not run ,  0.005382 ,   Not run ,  0.026545 ,  0.005868 ,  0.010045 ,   Not run ,  0.012292 ,  0.012356 ,   Not run ,  0.014303 ,  0.032368 ,  0.006123 ,   Not run ,   Not run ,   Not run ,  0.001429 ,  0.000802 ,  0.001604 
lassen, Base_CUDA , block_256 ,  0.008119 ,  0.008137 ,  0.006085 ,  0.002453 ,  0.003961 ,  0.013655 ,  0.015147 ,  0.015165 ,  0.002601 ,  0.009521 ,  0.006085 ,  0.060782 ,  0.001335 ,  0.001044 ,  0.004092 ,  0.001303 ,  0.029546 ,  0.010928 ,  0.023876 ,  0.002446 ,  0.023926 ,  0.023569 ,  0.016395 ,  0.010943 ,  0.022473 ,  0.001353 ,  0.021433 ,  0.005279 ,  0.007870 ,  0.026473 ,  0.029154 ,  0.017817 ,  0.099963 ,  0.003347 ,  0.004348 ,  0.020027 ,  0.010044 ,  0.037679 ,  0.050104 ,  0.020118 ,  0.016316 ,  0.021329 ,  0.053859 ,  0.021374 ,  0.016335 ,   Not run ,  0.003437 ,   Not run ,  0.018751 ,  0.002087 ,  0.017561 ,   Not run ,  0.006797 ,  0.006785 ,   Not run ,  0.004149 ,  0.023245 ,  0.003006 ,   Not run ,   Not run ,   Not run ,  0.001267 ,  0.000642 ,  0.001209 
lassen, Base_CUDA , block_256 ,  0.008184 ,  0.008262 ,  0.006091 ,  0.002430 ,  0.003925 ,  0.014079 ,  0.015188 ,  0.015149 ,  0.002511 ,  0.009515 ,  0.006074 ,  0.060721 ,  0.001327 ,  0.001114 ,  0.003952 ,  0.001333 ,  0.029877 ,  0.010908 ,  0.023825 ,  0.002245 ,  0.023903 ,  0.023473 ,  0.016429 ,  0.010842 ,  0.022417 ,  0.001395 ,  0.021411 ,  0.005262 ,  0.007862 ,  0.026692 ,  0.029152 ,  0.017793 ,  0.100286 ,  0.003341 ,  0.004350 ,  0.020064 ,  0.010031 ,  0.037658 ,  0.050164 ,  0.020110 ,  0.016368 ,  0.021347 ,  0.051992 ,  0.021296 ,  0.016323 ,   Not run ,  0.003440 ,   Not run ,  0.018831 ,  0.002083 ,  0.015767 ,   Not run ,  0.006801 ,  0.006792 ,   Not run ,  0.004199 ,  0.023250 ,  0.003010 ,   Not run ,   Not run ,   Not run ,  0.001256 ,  0.000633 ,  0.001204 
lassen, Base_CUDA , block_256 ,  0.008175 ,  0.008145 ,  0.005977 ,  0.002388 ,  0.003917 ,  0.013401 ,  0.015214 ,  0.015271 ,  0.002550 ,  0.009431 ,  0.006119 ,  0.060752 ,  0.001334 ,  0.001140 ,  0.004043 ,  0.001348 ,  0.029707 ,  0.010937 ,  0.023875 ,  0.002185 ,  0.023957 ,  0.023513 ,  0.016463 ,  0.010889 ,  0.022397 ,  0.001357 ,  0.021448 ,  0.005264 ,  0.007858 ,  0.026686 ,  0.029139 ,  0.017904 ,  0.100350 ,  0.003764 ,  0.004730 ,  0.021827 ,  0.010220 ,  0.038296 ,  0.050203 ,  0.020132 ,  0.016332 ,  0.021427 ,  0.053910 ,  0.021412 ,  0.016392 ,   Not run ,  0.003387 ,   Not run ,  0.018914 ,  0.002082 ,  0.018893 ,   Not run ,  0.006789 ,  0.006788 ,   Not run ,  0.004140 ,  0.023283 ,  0.003081 ,   Not run ,   Not run ,   Not run ,  0.001263 ,  0.000639 ,  0.001220 
corona, Base_HIP  , block_256 ,  0.009587 ,  0.013276 ,  0.009840 ,  0.003820 ,  0.005118 ,  0.017529 ,  0.019247 ,  0.019112 ,  0.006725 ,  0.013790 ,  0.011964 , 182.074358 ,  0.047616 ,  0.001782 ,  0.032010 ,  0.046324 ,  0.025963 ,  0.014614 ,  0.024824 ,  0.004217 ,  0.024603 ,  0.030090 ,  0.020605 ,  0.018763 ,  0.026980 ,  0.004479 ,  0.026623 ,  0.014264 ,  0.020265 ,  0.033728 ,  0.043480 ,  0.021376 ,  0.095533 ,  0.015729 ,  0.010138 ,  0.038107 ,  0.017555 ,  0.037262 ,  0.056177 ,  0.042271 ,  0.019372 ,  0.022178 ,  1.705194 ,  0.022439 ,  0.017757 ,   Not run ,  0.006435 ,   Not run ,  0.024187 ,  0.007211 ,  0.012690 ,   Not run ,  0.014460 ,  0.014452 ,   Not run ,  0.015729 ,  0.027641 ,  0.007220 ,   Not run ,   Not run ,   Not run ,  0.045003 ,  0.002159 ,  0.003353 
corona, Base_HIP  , block_256 ,  0.009212 ,  0.012362 ,  0.008689 ,  0.003934 ,  0.005433 ,  0.017465 ,  0.019120 ,  0.019276 ,  0.006744 ,  0.012389 ,  0.012718 , 175.563581 ,  0.047564 ,  0.001806 ,  0.031980 ,  0.046317 ,  0.025204 ,  0.014115 ,  0.022973 ,  0.004261 ,  0.024474 ,  0.030894 ,  0.018555 ,  0.018017 ,  0.025981 ,  0.003932 ,  0.025637 ,  0.014341 ,  0.020594 ,  0.034036 ,  0.042745 ,  0.022748 ,  0.095624 ,  0.015978 ,  0.010050 ,  0.037953 ,  0.017323 ,  0.037637 ,  0.056558 ,  0.042530 ,  0.019282 ,  0.021790 ,  1.704190 ,  0.022850 ,  0.018390 ,   Not run ,  0.006019 ,   Not run ,  0.024532 ,  0.007363 ,  0.013076 ,   Not run ,  0.014436 ,  0.014276 ,   Not run ,  0.016277 ,  0.026816 ,  0.008304 ,   Not run ,   Not run ,   Not run ,  0.044812 ,  0.002048 ,  0.003191 
corona, Base_HIP  , block_256 ,  0.009455 ,  0.012904 ,  0.009101 ,  0.004011 ,  0.005670 ,  0.016881 ,  0.018527 ,  0.018674 ,  0.006684 ,  0.013261 ,  0.011793 , 186.596457 ,  0.047486 ,  0.001789 ,  0.031947 ,  0.046384 ,  0.025666 ,  0.014514 ,  0.024129 ,  0.004069 ,  0.024835 ,  0.030695 ,  0.018103 ,  0.018460 ,  0.026219 ,  0.004163 ,  0.025990 ,  0.014381 ,  0.020092 ,  0.033712 ,  0.043529 ,  0.020987 ,  0.095030 ,  0.015558 ,  0.010045 ,  0.038135 ,  0.017048 ,  0.036998 ,  0.055826 ,  0.042197 ,  0.018894 ,  0.022539 ,  1.705506 ,  0.022067 ,  0.018228 ,   Not run ,  0.006402 ,   Not run ,  0.023692 ,  0.007312 ,  0.011991 ,   Not run ,  0.014403 ,  0.013697 ,   Not run ,  0.015670 ,  0.027509 ,  0.008218 ,   Not run ,   Not run ,   Not run ,  0.045161 ,  0.002271 ,  0.003382 
tioga, Base_HIP  , block_256 ,  0.005269 ,  0.006757 ,  0.005033 ,  0.002383 ,  0.002878 ,  0.009531 ,  0.009192 ,  0.010059 ,  0.003598 ,  0.006651 ,  0.005772 , 234.057805 ,  0.033518 ,  0.001012 ,  0.026211 ,  0.032978 ,  0.014235 ,  0.008276 ,  0.015487 ,  0.002570 ,  0.014771 ,  0.016934 ,  0.010979 ,  0.010724 ,  0.018544 ,  0.001315 ,  0.015074 ,  0.008275 ,  0.011816 ,  0.039670 ,  0.040312 ,  0.013429 ,  0.064320 ,  0.009046 ,  0.008991 ,  0.052075 ,  0.010685 ,  0.025082 ,  0.034849 ,  0.039470 ,  0.010721 ,  0.014015 ,  1.291766 ,  0.013962 ,  0.010756 ,   Not run ,  0.004005 ,   Not run ,  0.014325 ,  0.003113 ,  0.013239 ,   Not run ,  0.007904 ,  0.007332 ,   Not run ,  0.006792 ,  0.016228 ,  0.004435 ,   Not run ,   Not run ,   Not run ,  0.032101 ,  0.000802 ,  0.001996 
tioga, Base_HIP  , block_256 ,  0.005232 ,  0.006586 ,  0.004756 ,  0.002324 ,  0.002858 ,  0.009386 ,  0.009119 ,  0.009285 ,  0.003581 ,  0.006554 ,  0.005383 , 235.615487 ,  0.033523 ,  0.001025 ,  0.026184 ,  0.032760 ,  0.014177 ,  0.008126 ,  0.014623 ,  0.002484 ,  0.015315 ,  0.016059 ,  0.011594 ,  0.010203 ,  0.018321 ,  0.001259 ,  0.014965 ,  0.008013 ,  0.011702 ,  0.039692 ,  0.039767 ,  0.013974 ,  0.063852 ,  0.008937 ,  0.009019 ,  0.052066 ,  0.010503 ,  0.024856 ,  0.034661 ,  0.039364 ,  0.010803 ,  0.013824 ,  1.297218 ,  0.013723 ,  0.010728 ,   Not run ,  0.003910 ,   Not run ,  0.013535 ,  0.003122 ,  0.013171 ,   Not run ,  0.007891 ,  0.007248 ,   Not run ,  0.006135 ,  0.016327 ,  0.003608 ,   Not run ,   Not run ,   Not run ,  0.032340 ,  0.000756 ,  0.001145 
tioga, Base_HIP  , block_256 ,  0.005244 ,  0.006768 ,  0.004755 ,  0.002303 ,  0.002915 ,  0.009414 ,  0.009347 ,  0.009197 ,  0.003617 ,  0.006569 ,  0.005525 , 235.434950 ,  0.033394 ,  0.001003 ,  0.026292 ,  0.033029 ,  0.014185 ,  0.008243 ,  0.014647 ,  0.003064 ,  0.014689 ,  0.016643 ,  0.010862 ,  0.011109 ,  0.018190 ,  0.001267 ,  0.014988 ,  0.008040 ,  0.011689 ,  0.039673 ,  0.040070 ,  0.013384 ,  0.064073 ,  0.008835 ,  0.008953 ,  0.051913 ,  0.010465 ,  0.024900 ,  0.034728 ,  0.039411 ,  0.011266 ,  0.013150 ,  1.297553 ,  0.013833 ,  0.010676 ,   Not run ,  0.003993 ,   Not run ,  0.014123 ,  0.003122 ,  0.013101 ,   Not run ,  0.007974 ,  0.007246 ,   Not run ,  0.006157 ,  0.016257 ,  0.003627 ,   Not run ,   Not run ,   Not run ,  0.032478 ,  0.000704 ,  0.001065 
ec2-p3, Base_CUDA , block_256 ,  0.007830 ,  0.007799 ,  0.005866 ,  0.001799 ,  0.003392 ,  0.013109 ,  0.013339 ,  0.013335 ,  0.002151 ,  0.009179 ,  0.005259 ,  0.052285 ,  0.000692 ,  0.000799 ,  0.003690 ,  0.000744 ,  0.028795 ,  0.010594 ,  0.022425 ,  0.002348 ,  0.022459 ,  0.022521 ,  0.015692 ,  0.010590 ,  0.022167 ,  0.001298 ,  0.021168 ,  0.002885 ,  0.004342 ,  0.023751 ,  0.018920 ,  0.017015 ,  0.094573 ,  0.003293 ,  0.004232 ,  0.020090 ,  0.009629 ,  0.036063 ,  0.047387 ,  0.017950 ,  0.015727 ,  0.020067 ,  0.041105 ,  0.020081 ,  0.015702 ,   Not run ,  0.003317 ,   Not run ,  0.018291 ,  0.001931 ,  0.009511 ,   Not run ,  0.005777 ,  0.005784 ,   Not run ,  0.003741 ,  0.022338 ,  0.002704 ,   Not run ,   Not run ,   Not run ,  0.000765 ,  0.000558 ,  0.001135 
ec2-p3, Base_CUDA , block_256 ,  0.007813 ,  0.007791 ,  0.005865 ,  0.001801 ,  0.003382 ,  0.013111 ,  0.013322 ,  0.013316 ,  0.002162 ,  0.009180 ,  0.005237 ,  0.052285 ,  0.000675 ,  0.000815 ,  0.003547 ,  0.000741 ,  0.028787 ,  0.010576 ,  0.022394 ,  0.002390 ,  0.022400 ,  0.022485 ,  0.015688 ,  0.010582 ,  0.022171 ,  0.001295 ,  0.021142 ,  0.002875 ,  0.004327 ,  0.023877 ,  0.019313 ,  0.016976 ,  0.094282 ,  0.003289 ,  0.004269 ,  0.020105 ,  0.009602 ,  0.035979 ,  0.047257 ,  0.018309 ,  0.015665 ,  0.020016 ,  0.039228 ,  0.019985 ,  0.015612 ,   Not run ,  0.003305 ,   Not run ,  0.018264 ,  0.001918 ,  0.008619 ,   Not run ,  0.005769 ,  0.005778 ,   Not run ,  0.003724 ,  0.022290 ,  0.002698 ,   Not run ,   Not run ,   Not run ,  0.000763 ,  0.000548 ,  0.001126 
ec2-p3, Base_CUDA , block_256 ,  0.007818 ,  0.007796 ,  0.005864 ,  0.001822 ,  0.003420 ,  0.013129 ,  0.013360 ,  0.013381 ,  0.002170 ,  0.009181 ,  0.005273 ,  0.052296 ,  0.000709 ,  0.000815 ,  0.003664 ,  0.000821 ,  0.028790 ,  0.010596 ,  0.022432 ,  0.002635 ,  0.022459 ,  0.022513 ,  0.015728 ,  0.010595 ,  0.022190 ,  0.001305 ,  0.021170 ,  0.002877 ,  0.004336 ,  0.023915 ,  0.019316 ,  0.016977 ,  0.094394 ,  0.003296 ,  0.004284 ,  0.020099 ,  0.009613 ,  0.035961 ,  0.047217 ,  0.018297 ,  0.015682 ,  0.020036 ,  0.039919 ,  0.019985 ,  0.015640 ,   Not run ,  0.003303 ,   Not run ,  0.018279 ,  0.001926 ,  0.008718 ,   Not run ,  0.005770 ,  0.005767 ,   Not run ,  0.003732 ,  0.022310 ,  0.002697 ,   Not run ,   Not run ,   Not run ,  0.000780 ,  0.000551 ,  0.001133 
ec2-p4d, Base_CUDA , block_256 ,  0.001863 ,  0.001841 ,  0.002894 ,  0.001368 ,  0.002020 ,  0.007079 ,  0.007145 ,  0.007116 ,  0.001725 ,  0.004941 ,  0.003270 ,  0.056208 ,  0.000855 ,  0.000821 ,  0.009059 ,  0.000857 ,  0.028711 ,  0.005339 ,  0.006585 ,  0.002358 ,  0.006581 ,  0.007782 ,  0.003856 ,  0.006769 ,  0.013498 ,  0.000829 ,  0.010780 ,  0.002145 ,  0.003242 ,  0.020466 ,  0.010549 ,  0.004957 ,  0.032517 ,  0.002406 ,  0.002852 ,  0.009559 ,  0.004808 ,  0.011251 ,  0.017351 ,  0.009741 ,  0.003944 ,  0.005877 ,  0.034000 ,  0.005888 ,  0.003927 ,   Not run ,  0.002104 ,   Not run ,  0.010253 ,  0.001006 ,  0.010346 ,   Not run ,  0.004805 ,  0.004801 ,   Not run ,  0.002265 ,  0.012310 ,  0.001739 ,   Not run ,   Not run ,   Not run ,  0.000864 ,  0.000295 ,  0.000343 
ec2-p4d, Base_CUDA , block_256 ,  0.001841 ,  0.001810 ,  0.002887 ,  0.001333 ,  0.002032 ,  0.007071 ,  0.007021 ,  0.007008 ,  0.001720 ,  0.004937 ,  0.003268 ,  0.056189 ,  0.000849 ,  0.000831 ,  0.004537 ,  0.000857 ,  0.028685 ,  0.005238 ,  0.006543 ,  0.002357 ,  0.006555 ,  0.007765 ,  0.003770 ,  0.006732 ,  0.013481 ,  0.000819 ,  0.010516 ,  0.002128 ,  0.003246 ,  0.020385 ,  0.010694 ,  0.004887 ,  0.032148 ,  0.002401 ,  0.002882 ,  0.009523 ,  0.004812 ,  0.011098 ,  0.017146 ,  0.009730 ,  0.003780 ,  0.005770 ,  0.035726 ,  0.005795 ,  0.003782 ,   Not run ,  0.002108 ,   Not run ,  0.010197 ,  0.001004 ,  0.012703 ,   Not run ,  0.004804 ,  0.004800 ,   Not run ,  0.002261 ,  0.012211 ,  0.001744 ,   Not run ,   Not run ,   Not run ,  0.000862 ,  0.000293 ,  0.000336 
ec2-p4d, Base_CUDA , block_256 ,  0.001842 ,  0.001811 ,  0.002884 ,  0.001317 ,  0.002134 ,  0.007063 ,  0.006998 ,  0.006995 ,  0.001721 ,  0.004949 ,  0.003262 ,  0.056192 ,  0.000847 ,  0.000840 ,  0.004529 ,  0.000876 ,  0.028670 ,  0.005242 ,  0.006523 ,  0.002339 ,  0.006529 ,  0.007765 ,  0.003789 ,  0.006724 ,  0.013480 ,  0.000818 ,  0.010506 ,  0.002133 ,  0.003246 ,  0.020441 ,  0.010695 ,  0.004884 ,  0.032047 ,  0.002395 ,  0.002886 ,  0.009518 ,  0.004801 ,  0.011094 ,  0.017120 ,  0.009734 ,  0.003784 ,  0.005757 ,  0.033786 ,  0.005786 ,  0.003767 ,   Not run ,  0.002095 ,   Not run ,  0.010213 ,  0.000995 ,  0.011070 ,   Not run ,  0.004801 ,  0.004798 ,   Not run ,  0.002256 ,  0.012248 ,  0.001744 ,   Not run ,   Not run ,   Not run ,  0.000860 ,  0.000291 ,  0.000338 
AVERAGE
pascal,,,0.011419,0.012190,0.008282,0.002579,0.004900,0.019561,0.019361,0.019376,0.004014,0.013705,0.010966,0.064983,0.001718,0.001574,0.004585,0.001735,0.039779,0.017144,0.031872,0.004159,0.031983,0.035513,0.023107,0.016806,0.032511,0.001942,0.030499,0.015359,0.024759,0.048797,0.027441,0.025752,0.131090,0.016649,0.006000,0.052024,0.020833,0.051774,0.069990,0.019713,0.022868,0.028542,0.058139,0.028452,0.022842,,0.005408,,0.026547,0.005767,0.009786,,0.011954,0.011967,,0.014053,0.032348,0.006123,,,,0.001418,0.000787,0.001600
lassen,,,0.008159,0.008181,0.006051,0.002424,0.003934,0.013712,0.015183,0.015195,0.002554,0.009489,0.006093,0.060752,0.001332,0.001099,0.004029,0.001328,0.029710,0.010924,0.023859,0.002292,0.023929,0.023518,0.016429,0.010891,0.022429,0.001368,0.021431,0.005268,0.007863,0.026617,0.029148,0.017838,0.100200,0.003484,0.004476,0.020639,0.010098,0.037878,0.050157,0.020120,0.016339,0.021368,0.053254,0.021361,0.016350,,0.003421,,0.018832,0.002084,0.017407,,0.006796,0.006788,,0.004163,0.023259,0.003032,,,,0.001262,0.000638,0.001211
corona,,,0.009418,0.012847,0.009210,0.003922,0.005407,0.017292,0.018965,0.019021,0.006718,0.013147,0.012158,181.411465,0.047555,0.001792,0.031979,0.046342,0.025611,0.014414,0.023975,0.004182,0.024637,0.030560,0.019088,0.018413,0.026393,0.004191,0.026083,0.014329,0.020317,0.033825,0.043251,0.021704,0.095396,0.015755,0.010078,0.038065,0.017309,0.037299,0.056187,0.042333,0.019183,0.022169,1.704963,0.022452,0.018125,,0.006285,,0.024137,0.007295,0.012586,,0.014433,0.014142,,0.015892,0.027322,0.007914,,,,0.044992,0.002159,0.003309
tioga,,,0.005248,0.006704,0.004848,0.002337,0.002884,0.009444,0.009219,0.009514,0.003599,0.006591,0.005560,235.036081,0.033478,0.001013,0.026229,0.032922,0.014199,0.008215,0.014919,0.002706,0.014925,0.016545,0.011145,0.010679,0.018352,0.001280,0.015009,0.008109,0.011736,0.039678,0.040050,0.013596,0.064082,0.008939,0.008988,0.052018,0.010551,0.024946,0.034746,0.039415,0.010930,0.013663,1.295512,0.013839,0.010720,,0.003969,,0.013994,0.003119,0.013170,,0.007923,0.007275,,0.006361,0.016271,0.003890,,,,0.032306,0.000754,0.001402
ec2-p3,,,0.007820,0.007795,0.005865,0.001807,0.003398,0.013116,0.013340,0.013344,0.002161,0.009180,0.005256,0.052289,0.000692,0.000810,0.003634,0.000769,0.028791,0.010589,0.022417,0.002458,0.022439,0.022506,0.015703,0.010589,0.022176,0.001299,0.021160,0.002879,0.004335,0.023848,0.019183,0.016989,0.094416,0.003293,0.004262,0.020098,0.009615,0.036001,0.047287,0.018185,0.015691,0.020040,0.040084,0.020017,0.015651,,0.003308,,0.018278,0.001925,0.008949,,0.005772,0.005776,,0.003732,0.022313,0.002700,,,,0.000769,0.000552,0.001131
ec2-p4d,,,0.001849,0.001821,0.002888,0.001339,0.002062,0.007071,0.007055,0.007040,0.001722,0.004942,0.003267,0.056196,0.000850,0.000831,0.006042,0.000863,0.028689,0.005273,0.006550,0.002351,0.006555,0.007771,0.003805,0.006742,0.013486,0.000822,0.010601,0.002135,0.003245,0.020431,0.010646,0.004909,0.032237,0.002401,0.002873,0.009533,0.004807,0.011148,0.017206,0.009735,0.003836,0.005801,0.034504,0.005823,0.003825,,0.002102,,0.010221,0.001002,0.011373,,0.004803,0.004800,,0.002261,0.012256,0.001742,,,,0.000862,0.000293,0.000339
