machine,Kernel,Kernel,Basic_ARRAY_OF_PTRS,Basic_COPY8,Basic_DAXPY,Basic_DAXPY_ATOMIC,Basic_EMPTY,Basic_IF_QUAD,Basic_INDEXLIST,Basic_INDEXLIST_3LOOP,Basic_INIT3,Basic_INIT_VIEW1D,Basic_INIT_VIEW1D_OFFSET,Basic_MAT_MAT_SHARED,Basic_MULADDSUB,Basic_NESTED_INIT,Basic_PI_ATOMIC,Basic_PI_REDUCE,Basic_REDUCE3_INT,Basic_REDUCE_STRUCT,Basic_TRAP_INT,Basic_MULTI_REDUCE,Lcals_DIFF_PREDICT,Lcals_EOS,Lcals_FIRST_DIFF,Lcals_FIRST_MIN,Lcals_FIRST_SUM,Lcals_GEN_LIN_RECUR,Lcals_HYDRO_1D,Lcals_HYDRO_2D,Lcals_INT_PREDICT,Lcals_PLANCKIAN,Lcals_TRIDIAG_ELIM,Polybench_2MM,Polybench_3MM,Polybench_ADI,Polybench_ATAX,Polybench_FDTD_2D,Polybench_FLOYD_WARSHALL,Polybench_GEMM,Polybench_GEMVER,Polybench_GESUMMV,Polybench_HEAT_3D,Polybench_JACOBI_1D,Polybench_JACOBI_2D,Polybench_MVT,Stream_ADD,Stream_COPY,Stream_DOT,Stream_MUL,Stream_TRIAD,Apps_CONVECTION3DPA,Apps_DEL_DOT_VEC_2D,Apps_DIFFUSION3DPA,Apps_EDGE3D,Apps_ENERGY,Apps_FEMSWEEP,Apps_FIR,Apps_LTIMES,Apps_LTIMES_NOVIEW,Apps_MASS3DEA,Apps_MASS3DPA,Apps_MATVEC_3D_STENCIL,Apps_NODAL_ACCUMULATION_3D,Apps_PRESSURE,Apps_VOL3D,Apps_ZONAL_ACCUMULATION_3D,Algorithm_SCAN,Algorithm_SORT,Algorithm_SORTPAIRS,Algorithm_REDUCE_SUM,Algorithm_MEMSET,Algorithm_MEMCPY,Algorithm_ATOMIC,Algorithm_HISTOGRAM,Comm_HALO_PACKING,Comm_HALO_PACKING_FUSED
corona,Base_Seq,default,0.273705,0.068762,0.033119,0.032832,0.083792,0.434069,0.133902,0.132196,0.146997,0.372836,0.345448,0.198049,0.107503,0.179259,0.019012,0.018847,0.004909,0.015637,0.052606,0.041770,0.192558,0.197985,0.141867,0.016049,0.148707,0.194533,0.140663,0.203240,0.327717,0.174805,0.228596,0.684264,1.031218,0.084701,0.044965,0.124832,0.423750,0.783566,0.011014,0.027465,0.242207,0.271418,0.509579,0.044347,0.101913,0.103123,0.463092,0.103557,0.095166,0.090235,0.234757,0.311936,6.394311,0.298548,0.000000,0.244420,0.230253,0.226117,0.000000,0.099470,0.397454,0.166099,0.388986,0.160937,0.044699,0.023711,0.428094,0.459231,0.011409,0.004158,0.007305,Not run,0.026618,0.018431,Not run
corona,Base_Seq,default,0.269781,0.068334,0.033437,0.036867,0.082221,0.437843,0.135817,0.131959,0.141364,0.378010,0.347349,0.200499,0.111028,0.181018,0.019123,0.019254,0.004995,0.015590,0.052824,0.041848,0.192107,0.199771,0.139823,0.030102,0.151384,0.210250,0.122602,0.184746,0.328930,0.174026,0.175193,0.684210,1.041302,0.085995,0.044998,0.111460,0.431129,0.787841,0.011004,0.027651,0.241111,0.288044,0.524376,0.044969,0.085319,0.102379,0.463840,0.106931,0.145886,0.089562,0.235074,0.303243,6.440169,0.309205,0.000001,0.246343,0.230412,0.225558,0.000000,0.092810,0.388717,0.167458,0.432398,0.164651,0.051096,0.023296,0.432105,0.464961,0.011640,0.004722,0.005741,Not run,0.026577,0.018465,Not run
corona,Base_Seq,default,0.268451,0.071577,0.032574,0.038995,0.085252,0.434823,0.133834,0.131265,0.152949,0.369844,0.334247,0.193680,0.120375,0.179026,0.019032,0.019240,0.004905,0.015393,0.052690,0.041832,0.192271,0.188112,0.141012,0.020819,0.151471,0.213447,0.107923,0.208066,0.331144,0.169746,0.237120,0.681443,1.032489,0.085464,0.044521,0.104903,0.413620,0.782813,0.011074,0.027668,0.238297,0.287010,0.517026,0.044244,0.088004,0.101384,0.461404,0.102993,0.096482,0.090627,0.234598,0.296996,6.396476,0.311502,0.000000,0.241398,0.230119,0.225548,0.000000,0.099322,0.402076,0.165057,0.419121,0.162785,0.050039,0.023236,0.428172,0.459169,0.011495,0.004065,0.005909,Not run,0.026637,0.020300,Not run
matrix,Base_Seq,default,0.224013,0.066138,0.054140,0.058700,0.033040,0.276520,0.100729,0.109735,0.147825,0.297696,0.230159,0.160706,0.105024,0.148063,0.013448,0.013210,0.003607,0.013490,0.033829,0.027008,0.280202,0.126693,0.213926,0.027335,0.228746,0.274031,0.156159,0.190822,0.351121,0.081845,0.214415,0.529275,0.730765,0.075093,0.026505,0.126143,0.613772,0.513279,0.007118,0.015821,0.140836,0.345389,0.463402,0.026780,0.164869,0.222998,0.264884,0.206343,0.164341,0.043419,0.125711,0.122717,3.622985,0.219056,0.000000,0.141155,0.147809,0.097870,0.000000,0.031832,0.255085,0.142108,0.252576,0.184443,0.024313,0.013453,0.305207,0.337664,0.006786,0.005658,0.011473,Not run,0.023889,0.024228,Not run
matrix,Base_Seq,default,0.228253,0.066043,0.053816,0.058576,0.033048,0.272310,0.100753,0.109877,0.154695,0.299462,0.230018,0.159461,0.107047,0.149394,0.013426,0.013206,0.003598,0.013230,0.034007,0.026975,0.204670,0.110954,0.213397,0.027663,0.228615,0.236091,0.156611,0.166257,0.306365,0.077495,0.207961,0.530418,0.729005,0.075277,0.026383,0.126275,0.612657,0.509892,0.007167,0.015963,0.140978,0.344751,0.462378,0.026686,0.164673,0.222227,0.264924,0.214694,0.164201,0.043490,0.125737,0.126659,3.622667,0.207579,0.000000,0.141128,0.139311,0.097818,0.000000,0.031818,0.254783,0.142021,0.252549,0.184453,0.024342,0.013490,0.304607,0.337993,0.007177,0.005852,0.012353,Not run,0.023902,0.024120,Not run
matrix,Base_Seq,default,0.231062,0.068427,0.055729,0.058924,0.033029,0.269989,0.102738,0.111434,0.157555,0.319203,0.229543,0.159258,0.110521,0.148764,0.013458,0.013205,0.003602,0.013232,0.033583,0.026996,0.279140,0.114156,0.230769,0.027746,0.232309,0.273120,0.188993,0.168422,0.350906,0.078273,0.223649,0.541854,0.728625,0.088048,0.026390,0.147739,0.683209,0.518884,0.007258,0.016187,0.146627,0.445344,0.557900,0.026642,0.183950,0.240773,0.265295,0.210006,0.168913,0.042625,0.125801,0.122271,3.675318,0.191379,0.000000,0.140821,0.145385,0.110788,0.000000,0.031994,0.256056,0.142145,0.262154,0.184443,0.024357,0.013433,0.304488,0.336644,0.006690,0.005562,0.011994,Not run,0.024749,0.027988,Not run
tioga,Base_Seq,default,0.200183,0.057439,0.032283,0.045952,0.117897,0.452502,0.129368,0.130090,0.077380,0.353442,0.338255,0.196141,0.065022,0.155161,0.019920,0.018479,0.004180,0.017965,0.054845,0.051058,0.116968,0.167202,0.152400,0.017835,0.174566,0.140421,0.118961,0.146355,0.175572,0.160318,0.122716,0.731220,1.099374,0.073285,0.047815,0.132695,0.438930,0.832429,0.011606,0.030805,0.249272,0.272176,0.564651,0.047648,0.093498,0.108226,0.493295,0.113906,0.098377,0.068869,0.241456,0.205678,5.564499,0.215574,0.000000,0.255741,0.219951,0.218523,0.000000,0.093771,0.386994,0.193178,0.273709,0.160981,0.045286,0.034839,0.472871,0.502577,0.012289,0.004714,0.006620,Not run,0.006468,0.025082,Not run
tioga,Base_Seq,default,0.200667,0.052583,0.032872,0.048371,0.115638,0.462343,0.129535,0.129436,0.084624,0.354477,0.333262,0.201799,0.060243,0.155244,0.021037,0.018291,0.004419,0.021704,0.054632,0.053875,0.117101,0.163795,0.168831,0.018884,0.189673,0.153879,0.118765,0.146621,0.176567,0.160140,0.128871,0.735939,1.110030,0.072706,0.047896,0.140879,0.456745,0.831282,0.011573,0.032483,0.258713,0.273970,0.545594,0.047861,0.098606,0.110089,0.498490,0.117327,0.100434,0.067637,0.259747,0.214674,5.593269,0.213292,0.000000,0.256168,0.209060,0.202892,0.000000,0.087214,0.389186,0.193656,0.256430,0.157135,0.049482,0.034372,0.473030,0.503033,0.012291,0.004912,0.007573,Not run,0.006816,0.027167,Not run
tioga,Base_Seq,default,0.198159,0.059872,0.032393,0.046118,0.089231,0.452254,0.129511,0.126935,0.078015,0.353162,0.352311,0.200993,0.060071,0.155542,0.019949,0.018430,0.004194,0.018060,0.055045,0.051080,0.115270,0.163049,0.151650,0.017799,0.174935,0.144055,0.120634,0.150316,0.175960,0.160811,0.122510,0.729378,1.100088,0.074060,0.047799,0.132275,0.441244,0.834605,0.012687,0.030801,0.250291,0.271661,0.562382,0.047690,0.093532,0.109368,0.493834,0.115551,0.092604,0.086119,0.255554,0.214032,5.591569,0.215827,0.000000,0.255974,0.219519,0.221272,0.000000,0.098982,0.385848,0.196209,0.272400,0.159573,0.048343,0.035173,0.473332,0.502396,0.012368,0.004633,0.008535,Not run,0.006437,0.025959,Not run
tuolumne,Base_Seq,default,0.253584,0.058407,0.022937,0.026870,0.102923,0.365661,0.112503,0.100365,0.088993,0.285718,0.279452,0.179102,0.066279,0.126339,0.016854,0.017005,0.003154,0.013856,0.046489,0.040678,0.146512,0.123802,0.115895,0.018015,0.123250,0.103922,0.075881,0.162784,0.265658,0.119963,0.094866,0.601659,0.920045,0.063631,0.039033,0.078295,0.302829,0.690424,0.009460,0.025058,0.171109,0.199035,0.409323,0.039008,0.061308,0.085437,0.407156,0.078526,0.062031,0.056916,0.163784,0.219367,4.356199,0.235368,0.000001,0.199134,0.156814,0.156891,0.000000,0.046674,0.694519,0.164593,0.182050,0.124415,0.029243,0.020348,0.381045,0.399983,0.010636,0.003644,0.004128,Not run,0.003665,0.014772,Not run
tuolumne,Base_Seq,default,0.259894,0.057183,0.023033,0.023083,0.086522,0.370138,0.113446,0.100213,0.061811,0.285966,0.274127,0.163913,0.041249,0.126325,0.016831,0.017072,0.003190,0.013840,0.045947,0.040681,0.141509,0.125601,0.104904,0.018169,0.120377,0.109373,0.076698,0.198769,0.277751,0.120569,0.095940,0.608785,0.925219,0.061467,0.039702,0.099832,0.306974,0.699964,0.010163,0.024741,0.210368,0.203411,0.425561,0.039226,0.070344,0.088021,0.410628,0.078344,0.070632,0.053229,0.180307,0.193707,4.372738,0.240819,0.000000,0.200726,0.176257,0.173971,0.000000,0.066264,0.402444,0.166332,0.215373,0.128723,0.036504,0.020508,0.383979,0.405563,0.010612,0.003468,0.004625,Not run,0.004576,0.017035,Not run
tuolumne,Base_Seq,default,0.249573,0.057052,0.022933,0.027098,0.098123,0.367996,0.113508,0.101595,0.060935,0.288225,0.281759,0.177575,0.047549,0.127855,0.017118,0.017169,0.003195,0.014189,0.045979,0.040682,0.139063,0.124827,0.101193,0.035150,0.126345,0.106810,0.091749,0.209719,0.280626,0.119833,0.096147,0.602324,0.905136,0.062419,0.039160,0.079597,0.305796,0.689941,0.009419,0.024074,0.170399,0.205933,0.410896,0.039022,0.061684,0.085578,0.407439,0.079015,0.061979,0.069546,0.191370,0.205393,4.386931,0.261835,0.000001,0.199449,0.171702,0.171875,0.000000,0.065365,0.416511,0.166328,0.196626,0.134611,0.036558,0.020294,0.380512,0.400636,0.010422,0.003396,0.004596,Not run,0.004542,0.016671,Not run
AVERAGE
corona,,,0.270646,0.069558,0.033043,0.036231,0.083755,0.435578,0.134518,0.131807,0.147103,0.373563,0.342348,0.197409,0.112969,0.179768,0.019056,0.019114,0.004936,0.015540,0.052707,0.041817,0.192312,0.195289,0.140901,0.022323,0.150521,0.206077,0.123729,0.198684,0.329264,0.172859,0.213636,0.683306,1.035003,0.085387,0.044828,0.113732,0.422833,0.784740,0.011031,0.027595,0.240538,0.282157,0.516994,0.044520,0.091745,0.102295,0.462779,0.104494,0.112511,0.090141,0.234810,0.304058,6.410319,0.306418,0.000000,0.244054,0.230261,0.225741,0.000000,0.097201,0.396082,0.166205,0.413502,0.162791,0.048611,0.023414,0.429457,0.461120,0.011515,0.004315,0.006318,,0.026611,0.019065,
matrix,,,0.227776,0.066869,0.054562,0.058733,0.033039,0.272940,0.101407,0.110349,0.153358,0.305454,0.229907,0.159808,0.107531,0.148740,0.013444,0.013207,0.003602,0.013317,0.033806,0.026993,0.254671,0.117268,0.219364,0.027581,0.229890,0.261081,0.167254,0.175167,0.336131,0.079204,0.215342,0.533849,0.729465,0.079473,0.026426,0.133386,0.636546,0.514018,0.007181,0.015990,0.142814,0.378495,0.494560,0.026703,0.171164,0.228666,0.265034,0.210348,0.165818,0.043178,0.125750,0.123882,3.640323,0.206005,0.000000,0.141035,0.144168,0.102159,0.000000,0.031881,0.255308,0.142091,0.255760,0.184446,0.024337,0.013459,0.304767,0.337434,0.006884,0.005691,0.011940,,0.024180,0.025445,
tioga,,,0.199670,0.056631,0.032516,0.046814,0.107589,0.455700,0.129471,0.128820,0.080006,0.353694,0.341276,0.199644,0.061779,0.155316,0.020302,0.018400,0.004264,0.019243,0.054841,0.052004,0.116446,0.164682,0.157627,0.018173,0.179725,0.146118,0.119453,0.147764,0.176033,0.160423,0.124699,0.732179,1.103164,0.073350,0.047837,0.135283,0.445640,0.832772,0.011955,0.031363,0.252759,0.272602,0.557542,0.047733,0.095212,0.109228,0.495206,0.115595,0.097138,0.074208,0.252252,0.211461,5.583112,0.214898,0.000000,0.255961,0.216177,0.214229,0.000000,0.093322,0.387343,0.194348,0.267513,0.159230,0.047704,0.034795,0.473078,0.502669,0.012316,0.004753,0.007576,,0.006574,0.026069,
tuolumne,,,0.254350,0.057547,0.022968,0.025684,0.095856,0.367932,0.113152,0.100724,0.070580,0.286636,0.278446,0.173530,0.051692,0.126840,0.016934,0.017082,0.003180,0.013962,0.046138,0.040680,0.142361,0.124743,0.107331,0.023778,0.123324,0.106702,0.081443,0.190424,0.274678,0.120122,0.095651,0.604256,0.916800,0.062506,0.039298,0.085908,0.305200,0.693443,0.009681,0.024624,0.183959,0.202793,0.415260,0.039085,0.064445,0.086345,0.408408,0.078628,0.064881,0.059897,0.178487,0.206156,4.371956,0.246007,0.000001,0.199770,0.168258,0.167579,0.000000,0.059434,0.504491,0.165751,0.198016,0.129250,0.034102,0.020383,0.381845,0.402061,0.010557,0.003503,0.004450,,0.004261,0.016159,
